10/10
3611 209
3612 209
288
367
408
408
3612 288
388
368
3621 3215 188
209
3612 1610
1224 4011 168
3620 3614
3612 248
3627 3621
3617 3012
3614 269
3612 209
409
368
428
347
3623 3617 1016 1211
3618 3412 148
3626 4020 369
10/11
208
409
3615 409
3622 3418 1014
3616 4011 128
3612 348
3613 3610 108
368
207
3619 4015 408
3610 247
408
3628 4021 1418 3012
10/16
408
3612 248
3618 3612 109
2011 228
3618 3413 208
388
3613 388
3614 368
327
3619 3614 347
3619 3615 369
3611 208
409
367
268
208
408
3614 2010 168
3620 3416 1215 1211
3616 2411
4010
3621 4215 209
3619 4013 208
3621 4214 148
1229 3624 4018 2612
1213 1210 168
3611
3612 349
3617 3614 2011
3627 3623 3613 169
3222 4017 3010
3617 3214 1610
409
208
3616 2413 1210
208
3618 3813
10/17
3622 4217 3611
409
3618 3610
3623 3620 4012
409
3613 349
3617 4012 209
3612 328
3612 2010
3821 3419 1613
3622 4018 2614 209
308
3819 2015 409
3616 408
3610 208
3613 329
3611 208
3615 3611 129
3622 4018 1614
3616 4011 149
3622 4018 4011 107
10/18
368
3618 3616 2014 1811 168
3617 4010 167
3631 3616 1011
408
3615 328
3622 3416 1413 1010
3612 208
209
3626 3822 1617 208
3631 2628 1224 3412
4010
368
10/19
327
3618 3611 169
2618 2016 248
3612 268
208
3616 4211 168
3621 3616 3810 128
3613 2810
3618 4012 168
3618 2013
3610 208
348
3615 3611 169
3618 3215 1414 3211
369 168
3610 408
3617 3613 327
3611 328
369
3616 4012 208
3618 1614 169
3621 4013 189
3614 3610 168
3610 168
409
368
3621 3619 4010
3630 4026 4021 2413
10/20
3615 388
3634 4029 4020 2014
208
3614 2612
3623 4217 2012 168
3612 3210
3629 4024 1022 1015 1010
3611 268
3612 268
388
3617 2413 149
3617 3613 348
3610 249
3625 3620 4015
3619 4012 209
3612 188
388
3618 2615
368
3613 408
10/24
3617 3612 128
3614 329
3610 247
3621 4017 2014 1010
208
3618 188
3614 3611 128
369 128
3622 3219 1014
3622 4215
3621 4018 1615 2010
3216 3411
267
207
3621 4015 368
3621 4015 369
3613 3611 149
3213 3410
128
328
3617 3214 328
3620 4016 2010
3216 3212 1410
3620 2418 4010
3625 3823 3618 1815
10/25
3621 3418 1816 1013
3611 1210 128
3610 188
3618 3216 1014 169
3620 2616 2013
347
369
3616 2013
2010
3612 2810
3624 3619 3413
3615 428
